  PID
    2
    3
    5
    7
    8
    9
   10
   11
   12
   13
   14
   15
   17
   18
   19
   20
   21
   22
   24
   25
   26
   27
   28
   29
   31
   32
   33
   34
   35
   36
   37
   38
   39
   40
   41
   42
   43
   44
   45
   46
   47
   48
   52
   53
   54
   55
   66
   67
   74
   93
   94
  138
  139
  140
  141
  142
  179
  181
  182
  212
  288
  302
  305
  307
  379
  514
  515
  713
  714
  715
  716
 1062
 4479
 8724
12893
16207
16211
16219
18283
19588
19589
19590
24718
25545
25546
25637
26382
 1282
  774
 1478
 1480
19445
26384
 1180
 1424
19447
 1493
  826
 9358
26383
26385
  871
 1182
  739
 1569
19436
  754
 1089
  771
  755
 1767
 1520
 1652
 1518
 1872
 1566
 1586
 1048
  829
 1729
 3007
  570
 3006
 1537
 1550
 1510
 1444
  736
 1796
 1653
 1761
  733
 2356
 1663
  734
 1879
 3004
 1641
22107
  783
  984
 1528
 1651
 1280
22112
 1893
 1609
 1553
  744
 1913
  760
14289
 1656
  732
  852
 1822
 1808
 1841
 1907
 1654
 1820
  701
14287
 1151
 1078
 1731
 1631
 1488
  924
 1608
 5380
 1883
 1657
16229
 1511
 1655
 1287
14255
 1577
  247
 1611
  735
 2227
 1612
 1551
14267
 1504
 1502
 1920
  815
 1517
25913
  232
 9351
 1432
 1289
 1784
    1
 1607
 9359
16264
  779
 1613
 1509
 5818
 1649
16250
  861
